2.795133
2.458320
2.106262
1.993326
2.525157
2.342174
2.326403
1.961537
1.863493
2.629157
2.056508
2.212827
1.875528
2.273849
2.116754
2.129104
2.216629
2.326403
2.739091
2.400848
2.378733
2.169684
2.823446
2.398304
2.259959
2.071330
2.363774
2.230246
2.302702
2.662141
2.609483
2.785953
3.005716
2.536970
2.659477
2.522082
2.334624
2.535154
2.426297
2.206121
2.106262
1.993326
2.030808
1.993229
2.254381
2.163349
2.853244
2.458320
2.217412
2.501364
2.169684
2.728811
2.437706
1.961537
1.863493
2.629157
2.056508
2.212827
2.589101
2.621702
2.889790
2.342174
2.796813
2.556704
1.875528
1.902373
2.116754
2.129104
2.216629
2.756028
2.398304
2.507829
2.439065
2.476150
2.230246
2.302702
2.214365
2.305763
2.481143
2.361895
2.729121
2.926847
2.795133
2.794430
2.334624
2.536970
2.213636
2.626662
2.479909
2.206121
2.688189
2.414872
2.375846
2.294042
2.535154
2.426297
2.757055
2.876592
2.460188
2.631118
2.650123
2.400848
1.902373
2.030808
1.993229
2.254381
2.163349
2.214365
2.071330
2.363774
2.414872
2.631118
2.650123
2.609483
2.527103
2.133996
2.233815
2.566678
2.765133
