2(a)
numThreads = 1
N = 67108864 and REP = 67108864. Performance in MFLOPS.
| Dataset size |      Threads |       MFLOPS |       Cycles |
|           32 |            1 |      7277.98 |      2097152 |
|           64 |            1 |      7819.79 |      1048576 |
|          128 |            1 |      8155.94 |       524288 |
|          256 |            1 |      7666.90 |       262144 |
|          512 |            1 |      8160.36 |       131072 |
|         1024 |            1 |      8150.65 |        65536 |
|         2048 |            1 |      6667.92 |        32768 |
|         4096 |            1 |      6724.35 |        16384 |
|         8192 |            1 |      6526.00 |         8192 |
|        16384 |            1 |      6124.01 |         4096 |
|        32768 |            1 |      5584.58 |         2048 |
|        65536 |            1 |      5443.65 |         1024 |
|       131072 |            1 |      5274.87 |          512 |
|       262144 |            1 |      5485.13 |          256 |
|       524288 |            1 |      3725.37 |          128 |
|      1048576 |            1 |      1544.62 |           64 |
|      2097152 |            1 |      1493.34 |           32 |
|      4194304 |            1 |      1522.15 |           16 |
|      8388608 |            1 |      1509.09 |            8 |
|     16777216 |            1 |      1535.18 |            4 |
|     33554432 |            1 |      1505.45 |            2 |
|     67108864 |            1 |      1521.12 |            1 |

      


    

2(b)
numThreads = 1
N = 67108864 and REP = 67108864. Performance in MFLOPS.
| Dataset size |      Threads |       MFLOPS |       Cycles |
|           32 |            1 |      7187.72 |      2097152 |
|           64 |            1 |      7787.46 |      1048576 |
|          128 |            1 |      8130.86 |       524288 |
|          256 |            1 |      7865.71 |       262144 |
|          512 |            1 |      8162.98 |       131072 |
|         1024 |            1 |      8125.42 |        65536 |
|         2048 |            1 |      6668.32 |        32768 |
|         4096 |            1 |      6086.26 |        16384 |
|         8192 |            1 |      5238.78 |         8192 |
|        16384 |            1 |      5782.52 |         4096 |
|        32768 |            1 |      5520.36 |         2048 |
|        65536 |            1 |      5118.14 |         1024 |
|       131072 |            1 |      5438.09 |          512 |
|       262144 |            1 |      5059.69 |          256 |
|       524288 |            1 |      3162.60 |          128 |
|      1048576 |            1 |      1557.67 |           64 |
|      2097152 |            1 |      1465.54 |           32 |
|      4194304 |            1 |      1548.83 |           16 |
|      8388608 |            1 |      1501.42 |            8 |
|     16777216 |            1 |      1523.30 |            4 |
|     33554432 |            1 |      1520.07 |            2 |
|     67108864 |            1 |      1506.75 |            1 |






2(d)
Performance

numThreads = 2
N = 67108864 and REP = 67108864. Performance in MFLOPS.
| Dataset size |      Threads |       MFLOPS |       Cycles |
|           32 |            2 |     12986.22 |      2097152 |
|           64 |            2 |     14544.36 |      1048576 |
|          128 |            2 |     15647.85 |       524288 |
|          256 |            2 |     16237.38 |       262144 |
|          512 |            2 |      9102.20 |       131072 |
|         1024 |            2 |      9461.50 |        65536 |
|         2048 |            2 |      9640.74 |        32768 |
|         4096 |            2 |      9821.28 |        16384 |
|         8192 |            2 |     11233.01 |         8192 |
|        16384 |            2 |     12350.45 |         4096 |
|        32768 |            2 |     11064.94 |         2048 |
|        65536 |            2 |     10644.94 |         1024 |
|       131072 |            2 |     10190.41 |          512 |
|       262144 |            2 |     10276.69 |          256 |
|       524288 |            2 |      9262.00 |          128 |
|      1048576 |            2 |      5303.65 |           64 |
|      2097152 |            2 |      2594.76 |           32 |
|      4194304 |            2 |      2730.61 |           16 |
|      8388608 |            2 |      2824.53 |            8 |
|     16777216 |            2 |      2925.41 |            4 |
|     33554432 |            2 |      3014.66 |            2 |
|     67108864 |            2 |      2948.62 |            1 |


numThreads = 4
N = 67108864 and REP = 67108864. Performance in MFLOPS.
| Dataset size |      Threads |       MFLOPS |       Cycles |
|           32 |            4 |     21664.77 |      2097152 |
|           64 |            4 |     26155.84 |      1048576 |
|          128 |            4 |     28008.22 |       524288 |
|          256 |            4 |     30985.49 |       262144 |
|          512 |            4 |     32489.97 |       131072 |
|         1024 |            4 |     13542.65 |        65536 |
|         2048 |            4 |     14609.46 |        32768 |
|         4096 |            4 |     17107.47 |        16384 |
|         8192 |            4 |     19557.37 |         8192 |
|        16384 |            4 |     22411.36 |         4096 |
|        32768 |            4 |     22230.80 |         2048 |
|        65536 |            4 |     22138.11 |         1024 |
|       131072 |            4 |     21426.85 |          512 |
|       262144 |            4 |     21050.14 |          256 |
|       524288 |            4 |     19472.08 |          128 |
|      1048576 |            4 |     19328.98 |           64 |
|      2097152 |            4 |     10011.66 |           32 |
|      4194304 |            4 |      5057.65 |           16 |
|      8388608 |            4 |      5195.99 |            8 |
|     16777216 |            4 |      5864.55 |            4 |
|     33554432 |            4 |      5983.10 |            2 |
|     67108864 |            4 |      5951.46 |            1 |


numThreads = 8
N = 67108864 and REP = 67108864. Performance in MFLOPS.
| Dataset size |      Threads |       MFLOPS |       Cycles |
|           32 |            8 |      7215.37 |      2097152 |
|           64 |            8 |     28878.17 |      1048576 |
|          128 |            8 |     50889.07 |       524288 |
|          256 |            8 |     55821.56 |       262144 |
|          512 |            8 |     62255.55 |       131072 |
|         1024 |            8 |     64471.78 |        65536 |
|         2048 |            8 |     26784.71 |        32768 |
|         4096 |            8 |     27597.38 |        16384 |
|         8192 |            8 |     32748.88 |         8192 |
|        16384 |            8 |     36545.20 |         4096 |
|        32768 |            8 |     45064.79 |         2048 |
|        65536 |            8 |     43896.02 |         1024 |
|       131072 |            8 |     44747.92 |          512 |
|       262144 |            8 |     42919.47 |          256 |
|       524288 |            8 |     39328.78 |          128 |
|      1048576 |            8 |     38727.89 |           64 |
|      2097152 |            8 |     37190.24 |           32 |
|      4194304 |            8 |     21418.47 |           16 |
|      8388608 |            8 |     11235.48 |            8 |
|     16777216 |            8 |     11648.05 |            4 |
|     33554432 |            8 |     11885.57 |            2 |
|     67108864 |            8 |     12001.04 |            1 |


numThreads = 16
N = 67108864 and REP = 67108864. Performance in MFLOPS.
| Dataset size |      Threads |       MFLOPS |       Cycles |
|           32 |           16 |      6193.32 |      2097152 |
|           64 |           16 |     13890.44 |      1048576 |
|          128 |           16 |     78510.38 |       524288 |
|          256 |           16 |    101538.26 |       262144 |
|          512 |           16 |    111278.43 |       131072 |
|         1024 |           16 |    124018.11 |        65536 |
|         2048 |           16 |    125899.21 |        32768 |
|         4096 |           16 |     46784.87 |        16384 |
|         8192 |           16 |     53393.06 |         8192 |
|        16384 |           16 |     59748.05 |         4096 |
|        32768 |           16 |     78282.29 |         2048 |
|        65536 |           16 |     90101.13 |         1024 |
|       131072 |           16 |     87573.23 |          512 |
|       262144 |           16 |     86122.34 |          256 |
|       524288 |           16 |     81988.79 |          128 |
|      1048576 |           16 |     77725.60 |           64 |
|      2097152 |           16 |     74690.97 |           32 |
|      4194304 |           16 |     73712.59 |           16 |
|      8388608 |           16 |     44535.45 |            8 |
|     16777216 |           16 |     15376.68 |            4 |
|     33554432 |           16 |     15663.17 |            2 |
|     67108864 |           16 |     15921.98 |            1 |


numThreads = 32
N = 67108864 and REP = 67108864. Performance in MFLOPS.
| Dataset size |      Threads |       MFLOPS |       Cycles |
|           32 |           32 |      4607.68 |      2097152 |
|           64 |           32 |     12214.21 |      1048576 |
|          128 |           32 |     26476.98 |       524288 |
|          256 |           32 |    114958.40 |       262144 |
|          512 |           32 |    201672.81 |       131072 |
|         1024 |           32 |    220400.56 |        65536 |
|         2048 |           32 |    243822.91 |        32768 |
|         4096 |           32 |    252768.48 |        16384 |
|         8192 |           32 |     81458.38 |         8192 |
|        16384 |           32 |     93455.07 |         4096 |
|        32768 |           32 |    130718.03 |         2048 |
|        65536 |           32 |    150205.26 |         1024 |
|       131072 |           32 |    175193.35 |          512 |
|       262144 |           32 |    175234.57 |          256 |
|       524288 |           32 |    151372.36 |          128 |
|      1048576 |           32 |    114011.17 |           64 |
|      2097152 |           32 |    104939.26 |           32 |
|      4194304 |           32 |    104239.17 |           16 |
|      8388608 |           32 |    101377.20 |            8 |
|     16777216 |           32 |     83639.12 |            4 |
|     33554432 |           32 |     15625.86 |            2 |
|     67108864 |           32 |     15761.56 |            1 |


numThreads = 64
N = 67108864 and REP = 67108864. Performance in MFLOPS.
| Dataset size |      Threads |       MFLOPS |       Cycles |
|           32 |           64 |      4589.09 |      2097152 |
|           64 |           64 |      9180.29 |      1048576 |
|          128 |           64 |     25292.20 |       524288 |
|          256 |           64 |     70749.45 |       262144 |
|          512 |           64 |    223059.69 |       131072 |
|         1024 |           64 |    310091.85 |        65536 |
|         2048 |           64 |    336492.88 |        32768 |
|         4096 |           64 |    357884.33 |        16384 |
|         8192 |           64 |    380790.69 |         8192 |
|        16384 |           64 |    185821.89 |         4096 |
|        32768 |           64 |    191859.66 |         2048 |
|        65536 |           64 |    222236.56 |         1024 |
|       131072 |           64 |    228062.84 |          512 |
|       262144 |           64 |    249916.22 |          256 |
|       524288 |           64 |    234469.75 |          128 |
|      1048576 |           64 |    215665.59 |           64 |
|      2097152 |           64 |    107621.89 |           32 |
|      4194304 |           64 |    106983.55 |           16 |
|      8388608 |           64 |    103423.89 |            8 |
|     16777216 |           64 |    106519.15 |            4 |
|     33554432 |           64 |     15001.53 |            2 |
|     67108864 |           64 |     15228.49 |            1 |


numThreads = 128
N = 67108864 and REP = 67108864. Performance in MFLOPS.
| Dataset size |      Threads |       MFLOPS |       Cycles |
|           32 |          128 |      5444.76 |      2097152 |
|           64 |          128 |     10306.25 |      1048576 |
|          128 |          128 |     20687.01 |       524288 |
|          256 |          128 |     60466.45 |       262144 |
|          512 |          128 |    104406.22 |       131072 |
|         1024 |          128 |    245558.66 |        65536 |
|         2048 |          128 |    300720.19 |        32768 |
|         4096 |          128 |    327255.24 |        16384 |
|         8192 |          128 |    349697.38 |         8192 |
|        16384 |          128 |    377142.47 |         4096 |
|        32768 |          128 |    247287.06 |         2048 |
|        65536 |          128 |    282687.44 |         1024 |
|       131072 |          128 |    303090.29 |          512 |
|       262144 |          128 |    292814.09 |          256 |
|       524288 |          128 |    256062.07 |          128 |
|      1048576 |          128 |    219905.85 |           64 |
|      2097152 |          128 |    204546.51 |           32 |
|      4194304 |          128 |     98416.48 |           16 |
|      8388608 |          128 |    103388.05 |            8 |
|     16777216 |          128 |     98115.03 |            4 |
|     33554432 |          128 |     14933.97 |            2 |
|     67108864 |          128 |     14816.44 |            1 |


numThreads = 256
N = 67108864 and REP = 67108864. Performance in MFLOPS.
| Dataset size |      Threads |       MFLOPS |       Cycles |
|           32 |          256 |      2844.68 |      2097152 |
|           64 |          256 |      5846.41 |      1048576 |
|          128 |          256 |     11942.81 |       524288 |
|          256 |          256 |     23811.00 |       262144 |
|          512 |          256 |     38640.48 |       131072 |
|         1024 |          256 |     89269.29 |        65536 |
|         2048 |          256 |    166163.89 |        32768 |
|         4096 |          256 |    200213.79 |        16384 |
|         8192 |          256 |    223438.38 |         8192 |
|        16384 |          256 |    230712.95 |         4096 |
|        32768 |          256 |    251154.89 |         2048 |
|        65536 |          256 |    244164.54 |         1024 |
|       131072 |          256 |    241824.50 |          512 |
|       262144 |          256 |    194794.74 |          256 |
|       524288 |          256 |    153624.88 |          128 |
|      1048576 |          256 |    197768.50 |           64 |
|      2097152 |          256 |    185701.21 |           32 |
|      4194304 |          256 |     99906.54 |           16 |
|      8388608 |          256 |    100800.08 |            8 |
|     16777216 |          256 |    100268.45 |            4 |
|     33554432 |          256 |     18877.24 |            2 |
|     67108864 |          256 |     13189.44 |            1 |



---------------------

Bandwidth


numThreads = 2
N = 67108864 and REP = 67108864. Performance in MFLOPS.
| Dataset size |      Threads |       MFLOPS |       Cycles |
|           32 |            2 |     12998.51 |      2097152 |
|           64 |            2 |     12289.61 |      1048576 |
|          128 |            2 |     15642.90 |       524288 |
|          256 |            2 |     16261.44 |       262144 |
|          512 |            2 |      9140.97 |       131072 |
|         1024 |            2 |     10022.81 |        65536 |
|         2048 |            2 |      9550.25 |        32768 |
|         4096 |            2 |      9590.74 |        16384 |
|         8192 |            2 |      9849.74 |         8192 |
|        16384 |            2 |     12015.73 |         4096 |
|        32768 |            2 |     11073.01 |         2048 |
|        65536 |            2 |     10711.51 |         1024 |
|       131072 |            2 |     10588.76 |          512 |
|       262144 |            2 |     10839.09 |          256 |
|       524288 |            2 |     10277.33 |          128 |
|      1048576 |            2 |      5563.96 |           64 |
|      2097152 |            2 |      2887.24 |           32 |
|      4194304 |            2 |      2961.40 |           16 |
|      8388608 |            2 |      2937.30 |            8 |
|     16777216 |            2 |      3012.20 |            4 |
|     33554432 |            2 |      3037.37 |            2 |
|     67108864 |            2 |      3032.54 |            1 |


numThreads = 4
N = 67108864 and REP = 67108864. Performance in MFLOPS.
| Dataset size |      Threads |       MFLOPS |       Cycles |
|           32 |            4 |     20397.69 |      2097152 |
|           64 |            4 |     25551.83 |      1048576 |
|          128 |            4 |     28091.17 |       524288 |
|          256 |            4 |     30991.78 |       262144 |
|          512 |            4 |     24108.81 |       131072 |
|         1024 |            4 |     13246.98 |        65536 |
|         2048 |            4 |     16084.90 |        32768 |
|         4096 |            4 |     17053.63 |        16384 |
|         8192 |            4 |     19367.56 |         8192 |
|        16384 |            4 |     18774.10 |         4096 |
|        32768 |            4 |     21986.34 |         2048 |
|        65536 |            4 |     21431.02 |         1024 |
|       131072 |            4 |     21532.38 |          512 |
|       262144 |            4 |     21349.41 |          256 |
|       524288 |            4 |     19459.86 |          128 |
|      1048576 |            4 |     19318.08 |           64 |
|      2097152 |            4 |     10685.72 |           32 |
|      4194304 |            4 |      5446.09 |           16 |
|      8388608 |            4 |      5450.80 |            8 |
|     16777216 |            4 |      5925.41 |            4 |
|     33554432 |            4 |      5923.87 |            2 |
|     67108864 |            4 |      5942.90 |            1 |


numThreads = 8
N = 67108864 and REP = 67108864. Performance in MFLOPS.
| Dataset size |      Threads |       MFLOPS |       Cycles |
|           32 |            8 |      7238.73 |      2097152 |
|           64 |            8 |     39511.61 |      1048576 |
|          128 |            8 |     51664.39 |       524288 |
|          256 |            8 |     55921.59 |       262144 |
|          512 |            8 |     62056.10 |       131072 |
|         1024 |            8 |     64548.09 |        65536 |
|         2048 |            8 |     26137.50 |        32768 |
|         4096 |            8 |     25527.68 |        16384 |
|         8192 |            8 |     32903.91 |         8192 |
|        16384 |            8 |     36883.13 |         4096 |
|        32768 |            8 |     41231.56 |         2048 |
|        65536 |            8 |     44731.67 |         1024 |
|       131072 |            8 |     42473.98 |          512 |
|       262144 |            8 |     43199.22 |          256 |
|       524288 |            8 |     39194.19 |          128 |
|      1048576 |            8 |     38767.28 |           64 |
|      2097152 |            8 |     37213.56 |           32 |
|      4194304 |            8 |     20466.86 |           16 |
|      8388608 |            8 |     11317.75 |            8 |
|     16777216 |            8 |     11765.70 |            4 |
|     33554432 |            8 |     11926.41 |            2 |
|     67108864 |            8 |     12062.94 |            1 |


numThreads = 16
N = 67108864 and REP = 67108864. Performance in MFLOPS.
| Dataset size |      Threads |       MFLOPS |       Cycles |
|           32 |           16 |      6254.52 |      2097152 |
|           64 |           16 |     14487.21 |      1048576 |
|          128 |           16 |     57671.10 |       524288 |
|          256 |           16 |     75658.46 |       262144 |
|          512 |           16 |    111108.04 |       131072 |
|         1024 |           16 |    123402.35 |        65536 |
|         2048 |           16 |    127848.00 |        32768 |
|         4096 |           16 |     43942.15 |        16384 |
|         8192 |           16 |     55632.54 |         8192 |
|        16384 |           16 |     60203.36 |         4096 |
|        32768 |           16 |     81079.99 |         2048 |
|        65536 |           16 |     90105.39 |         1024 |
|       131072 |           16 |     90222.89 |          512 |
|       262144 |           16 |     86327.30 |          256 |
|       524288 |           16 |     80765.26 |          128 |
|      1048576 |           16 |     77951.76 |           64 |
|      2097152 |           16 |     77013.37 |           32 |
|      4194304 |           16 |     73451.99 |           16 |
|      8388608 |           16 |     40768.40 |            8 |
|     16777216 |           16 |     15157.97 |            4 |
|     33554432 |           16 |     15692.58 |            2 |
|     67108864 |           16 |     15922.23 |            1 |


numThreads = 32
N = 67108864 and REP = 67108864. Performance in MFLOPS.
| Dataset size |      Threads |       MFLOPS |       Cycles |
|           32 |           32 |      4598.69 |      2097152 |
|           64 |           32 |     12606.17 |      1048576 |
|          128 |           32 |     25612.83 |       524288 |
|          256 |           32 |    101339.77 |       262144 |
|          512 |           32 |    205861.05 |       131072 |
|         1024 |           32 |    218933.70 |        65536 |
|         2048 |           32 |    243650.39 |        32768 |
|         4096 |           32 |    252445.03 |        16384 |
|         8192 |           32 |     84044.46 |         8192 |
|        16384 |           32 |     98973.82 |         4096 |
|        32768 |           32 |    130527.47 |         2048 |
|        65536 |           32 |    143194.16 |         1024 |
|       131072 |           32 |    172631.29 |          512 |
|       262144 |           32 |    175060.66 |          256 |
|       524288 |           32 |    157196.19 |          128 |
|      1048576 |           32 |    108030.67 |           64 |
|      2097152 |           32 |    109643.91 |           32 |
|      4194304 |           32 |    111413.32 |           16 |
|      8388608 |           32 |    100338.99 |            8 |
|     16777216 |           32 |     82899.81 |            4 |
|     33554432 |           32 |     15469.78 |            2 |
|     67108864 |           32 |     15624.88 |            1 |


numThreads = 64
N = 67108864 and REP = 67108864. Performance in MFLOPS.
| Dataset size |      Threads |       MFLOPS |       Cycles |
|           32 |           64 |      4587.10 |      2097152 |
|           64 |           64 |      9276.35 |      1048576 |
|          128 |           64 |     24856.49 |       524288 |
|          256 |           64 |     71964.87 |       262144 |
|          512 |           64 |    225848.88 |       131072 |
|         1024 |           64 |    305581.28 |        65536 |
|         2048 |           64 |    338394.28 |        32768 |
|         4096 |           64 |    365645.13 |        16384 |
|         8192 |           64 |    375706.50 |         8192 |
|        16384 |           64 |    188924.12 |         4096 |
|        32768 |           64 |    170773.03 |         2048 |
|        65536 |           64 |    207144.64 |         1024 |
|       131072 |           64 |    241380.58 |          512 |
|       262144 |           64 |    249720.91 |          256 |
|       524288 |           64 |    241181.43 |          128 |
|      1048576 |           64 |    200903.19 |           64 |
|      2097152 |           64 |    101967.92 |           32 |
|      4194304 |           64 |    102424.70 |           16 |
|      8388608 |           64 |    103342.68 |            8 |
|     16777216 |           64 |    102228.17 |            4 |
|     33554432 |           64 |     15172.58 |            2 |
|     67108864 |           64 |     15218.80 |            1 |


numThreads = 128
N = 67108864 and REP = 67108864. Performance in MFLOPS.
| Dataset size |      Threads |       MFLOPS |       Cycles |
|           32 |          128 |      5410.82 |      2097152 |
|           64 |          128 |     10531.49 |      1048576 |
|          128 |          128 |     20897.96 |       524288 |
|          256 |          128 |     60926.47 |       262144 |
|          512 |          128 |    108791.59 |       131072 |
|         1024 |          128 |    226420.34 |        65536 |
|         2048 |          128 |    308001.29 |        32768 |
|         4096 |          128 |    329133.06 |        16384 |
|         8192 |          128 |    346904.40 |         8192 |
|        16384 |          128 |    367577.49 |         4096 |
|        32768 |          128 |    262015.47 |         2048 |
|        65536 |          128 |    273901.49 |         1024 |
|       131072 |          128 |    302714.35 |          512 |
|       262144 |          128 |    293345.74 |          256 |
|       524288 |          128 |    300457.81 |          128 |
|      1048576 |          128 |    305567.35 |           64 |
|      2097152 |          128 |    268553.21 |           32 |
|      4194304 |          128 |     97518.97 |           16 |
|      8388608 |          128 |    106254.41 |            8 |
|     16777216 |          128 |    100929.76 |            4 |
|     33554432 |          128 |     15237.22 |            2 |
|     67108864 |          128 |     15011.57 |            1 |


numThreads = 256
N = 67108864 and REP = 67108864. Performance in MFLOPS.
| Dataset size |      Threads |       MFLOPS |       Cycles |
|           32 |          256 |      2812.38 |      2097152 |
|           64 |          256 |      5810.66 |      1048576 |
|          128 |          256 |     12072.88 |       524288 |
|          256 |          256 |     23672.91 |       262144 |
|          512 |          256 |     53562.01 |       131072 |
|         1024 |          256 |     89543.32 |        65536 |
|         2048 |          256 |    175211.67 |        32768 |
|         4096 |          256 |    203637.23 |        16384 |
|         8192 |          256 |    227471.94 |         8192 |
|        16384 |          256 |    233429.53 |         4096 |
|        32768 |          256 |    252754.07 |         2048 |
|        65536 |          256 |    243023.82 |         1024 |
|       131072 |          256 |    236540.00 |          512 |
|       262144 |          256 |    193187.91 |          256 |
|       524288 |          256 |    194022.93 |          128 |
|      1048576 |          256 |    194664.63 |           64 |
|      2097152 |          256 |    178865.88 |           32 |
|      4194304 |          256 |    100435.11 |           16 |
|      8388608 |          256 |     98112.09 |            8 |
|     16777216 |          256 |    104375.36 |            4 |
|     33554432 |          256 |     18398.21 |            2 |
|     67108864 |          256 |     14774.05 |            1 |


   




